


#一路追到這裏，沒想到那個偷書賊竟有膽子進鯨洞去。#
#有事嗎？#
1 0 1 0 1 2 #•姓名。#
#我是戴微斯。#
0 20 2 0 0 #•姓名。#
#不是跟你說過了嗎？我叫戴微斯，不要再忘了！#
1 2 3 0 2 5 7 #•偷書賊？#
#一個偷書賊偷了我父親一本重要的書，我一路追到這裏∼傳說中的卡拉邦巢穴。#
1 2 4 0 0 #•鯨洞？#
#聽說很久以前，這裏是一座像鯨魚一樣的小島，長時間淤沙的堆積，才使得兩片陸地連接在一起的。#
0 20 5 0 1 6 #•卡拉邦？#
#是個妖精，聽說它精通少見的黑魔法，〞單是他眉下邪惡的眼神，就令人不寒而慄〞這是我父親對他的形容。#
0 20 6 0 1 7 #•父親。#
#他是個獵人，住在西北方靠海的小屋裏，父親很疼愛我，他支持我做的每個決定。#
0 20 7 0 1 8 #•書？#
#飛行披風說明書，這是祖先留下來的。書裡面記載製作飛行披風的方法，按照說明書的指示，就能製出一件飛行披風，穿上它由高處落下，能夠毫髮無傷。現在書被搶走了，我一路追到這鯨洞的入口，可是我不敢下去。#
0 20 8 2 2 9 10 #•不敢下去！#
#喂！別誤以為我膽小，實在是我還沒摸著卡拉邦的底細，而且孤身一人冒險進鯨洞，是不智之舉，如果你有勇氣的話，就跟我一起進去冒險，您意下如何？#
0 20 9 19 0 #•可以。#
#果真有勇氣，如果真能幫我找回那本書，那真是太感激了，以後有什麼需要儘管說，我會報答你的。#
0 20 10 0 0 #•我不願意。#
#那算了，我再另外想辦法吧！#
2 20 11 2 2 12 13 #•沒想到你還守在這兒！#
#願意幫忙了是嗎？#
0 20 12 19 0 #•嗯。#
#果真有勇氣，如果真能幫我找回那本書，那真是太感激了，以後有什麼需要儘管說，我會報答你的。#
0 20 13 0 0 #•我不願意。#
#那算了，我再另外想辦法吧！#
74 121 14 121 0 #•戴微斯，嫁給我好嗎？#
#我．．我不知道．．我想等我們回到米蘭後，我會給你一個很好的答案的。好嗎？#
1 0 15 1 0 #•再見。#
#再見。#
