


#要不要來一杯？呃．．這酒可真是不賴哦。#
#有甚麼事嗎？#
1 14 1 0 0 #•姓名？#
#問我的名字？托馬斯，這麼響亮的大名沒聽說嗎？#
13 14 2 0 1 3 #•職業？#
#說起我的來歷，恐怕會嚇倒你，我曾是王國的近衛武士，那可不是一般的武士喔！#
0 0 3 0 1 4 #•近衛武士？真的嗎？#
#咦？你…你！佩特王子？！沒想到你會來到艾德麥爾島！。#
0 0 4 2 2 5 6 #•認出我來了？#
#呃…酒喝得多了點，祈求您原諒我剛才的失禮，王子陛下，我聽說安東尼奧又叛變了，在此我以武士的忠貞發誓，願追隨您直至復國成功之日，希望王子陛下能賜予我追隨您的機會？#
0 0 5 17 0 #•好。#
#太好了！我一定會將安東尼奧關進王國監獄的！。#
0 0 6 0 0 #•不好。#
#真可惜。#
14 15 7 0 0 #•村內有甚麼奇怪的事嗎？#
#常聽村民談起，時常有旅客在村子的南邊被怪物偷襲，或許我們該去看一下。#
15 16 8 0 0 #•這個玩具有什麼用途？#
#啊！當我還是小孩的時候，也常玩這種玩具，這個玩具不知道是哪個小孩的，他一定十分傷心。#
16 18 9 0 0 #•再來該做些甚麼呢？#
#不是有一本魔法書嗎？我們可以拿來試用一下。#
18 23 10 0 0 #•這附近的風景不錯哦？#
#這個地方我還從未來過哩，聽說這裏有個許願池呢！#
23 24 11 0 0 #•有沒有什麼發現呢？#
#加利利村的村長不知被關在那兒呢？#
24 28 12 0 0 #•下一步該做些怎麼呢？#
#咱們找村長去吧！那個榕樹妖還沒找到呢！#
79 29 13 0 0 #•再來該做些怎麼呢？#
#上特洛克島救戴微斯那小子啊！這本飛行披風說明書還得還給他呢！#
30 105 14 0 0 #•事情有點奇怪？#
#這樁謀殺蠻詭異的，我想矮人村和耶諾克都得去走走。#
105 33 15 0 0 #•真相大白了。#
#我們先去找貝爾利對質再去通知矮人皇后，免得他們真殺到耶諾克就糟了！#
33 34 16 0 0 #•咱們回耶諾克吧！#
#村長一定會很感激我們！#
34 38 17 0 0 #•下一步該做些怎麼呢？#
#救戴微斯啊！#
38 39 18 0 0 #•下一步該做些怎麼呢？#
#我們找個人把這些材料〞編織〞起來吧！#
39 87 19 0 0 #•下一步該做些甚麼呢？#
#王子陛下，那個織布女說要等個三天才能完工呢！#
87 103 20 0 0 #•披風總算完成了。#
#哈！哈！有了這件飛行披風，就算跌到高崖底下也摔不死了！#
40 41 21 0 0 #•還有什麼事要做呢？#
#我們剛答應了那個小女孩，要去救她的弟弟哩！#
41 42 22 0 0 #•總算把女巫幹掉了！#
#咱們去找他姐姐吧！#
45 50 23 0 0 #•咱們快上特洛克島吧！#
#嗯，這次我絕饒不了卡拉邦那傢伙！#
52 53 24 0 0 #•卡拉邦一定會很驚訝的！#
#哼！這次一定要打得他手忙腳亂，不讓他有機會動甚麼手腳！#
56 61 25 0 0 #•咱們得趕快去救艾瑞爾！#
#嗯！他在樹洞監獄待得也夠久了！#
59 60 26 0 0 #•找到施工圖了！#
#看來那個工程師已遭不測了，咱們還是把圖帶回村子給他們吧！#
60 65 27 0 0 #•我們往巴特農去吧！#
#嗯！那些設計師可都在那兒呢！#
83 71 28 0 0 #•普洛利有救了！#
#嗯，咱們先去找史奈德吧！#
71 72 29 0 0 #•我們快到祭壇去吧！#
#嗯，咱們走吧！#
74 91 30 0 0 #•怎麼進去呢？#
#嗯…戴微斯或許能從村子裡問到方法吧！#
76 75 31 0 0 #•沒想到隱身術竟然有效！#
#嗯…咱們先四處看看！#
75 77 32 0 0 #•終於打敗吉普洛伊了！#
#嗯…咱們先去找武器店的老板，再到村西的石牆去吧！#
0 0 33 2 2 34 35 #•你真的想加入隊伍嗎？#
#這將會是我無上的榮幸！#
0 0 34 17 0 #•好。#
#哈哈！太好了！我一定會將安東尼奧關進王國監獄的！。#
0 0 35 0 0 #•不好。#
#真可惜。#
0 13 36 2 2 42 43 #•你真的想加入隊伍嗎？#
#這將會是我無上的榮幸！#
0 0 37 0 0 #•好。#
#但是，王子陛下，您得先幫我付了酒錢，我才能光明正大地離開這兒呢！#
0 0 38 0 0 #•不好。#
#真可惜。#
1 13 39 0 1 40 #•職業？#
#說起我的來歷，恐怕會嚇倒你，我曾是王國的近衛武士，那可不是一般的武士喔！#
0 0 40 0 1 41 #•近衛武士？真的嗎？#
#咦？你…你！佩特王子？！沒想到你會來到艾德麥爾島！。#
0 0 41 2 2 42 43 #•認出我來了？#
#呃…酒喝得多了點，祈求您原諒我剛才的失禮，王子陛下，我聽說安東尼奧又叛變了，在此我以武士的忠貞發誓，願追隨您直至復國成功之日，希望王子陛下能賜予我追隨您的機會？#
0 0 42 0 0 #•好。#
#但是，王子陛下，您得先幫我付了酒錢，我才能光明正大地離開這兒呢！#
0 0 43 0 0 #•不好。#
#真可惜。#
1 14 44 1 0 #•再見。#
#我會在這兒隨時等候您的召喚的！#
14 0 45 1 0 #•嗯！咱們趕快上路吧。#
#對啊！咱們得快點！#
