


#你是用了什麼方法，竟能破解我的法術！#
#想知道些什麼呢？#
1 0 1 0 0 #•姓名？#
#我叫塞列斯。#
1 61 2 0 2 3 5 #•職業？#
#有人稱呼我們是榕樹妖，其實我們是沃里克山的小樹精靈，要是我們首領艾瑞爾沒有被捉走就好了。#
0 61 3 0 1 4 #•沃里克山？#
#沃里克山橫亙於卡巴拉村和阿茲路克西之間，阻斷了其間的往來，不過那兒卻是各族精靈們的天堂呢！#
0 61 4 0 0 #•阿茲路克西？#
#那兒只有艾瑞爾去過，相信等我們救他出獄後，他會很樂意告訴你的。#
0 28 5 0 1 6 #•艾瑞爾？#
#他雖然是比較像人類的半精靈，但是全沃里克的精靈們都很擁護他，前幾個月，他因反抗卡拉邦的命令，被囚禁到樹洞監獄內了。#
0 28 6 2 2 7 8 #•卡拉邦？#
#卡拉邦挾持了艾瑞爾，要脅我們去欺負村裏的人，其實我們並不願意，只是卡拉邦那妖精實在太惡毒了，他有著許多奸惡的詭計，要人臣服在他的威脅下，如果你要去除掉他，請讓我助你一臂之力，好嗎？#
0 28 7 29 0 #•好。#
#真是太好了！我知道囚禁艾瑞爾的樹洞監獄，有著特殊的魔力封印，只有得到卡拉邦的魔水晶，才能被傳送進去，所以我們一定要先打倒卡拉邦。#
0 28 8 0 0 #•不好。#
#若你以為一個人的力量就可以去對付這個惡魔，那未免太自大了。#
57 61 9 0 1 10 #•魔水晶。#
#魔水晶是進入樹洞監獄的通行證物，我們快去救艾瑞爾。#
0 0 10 0 0 #•樹洞監獄？#
#就在卡巴拉村的東北方。#
1 0 11 1 0 #•再見。#
#再見。#
