


#我叫安提福勒斯，你終於醒來了。#
#你好，找我有事嗎？#
1 0 1 0 0 #•姓名？#
#安提福勒斯。#
1 0 2 0 0 #•職業？#
#我只是一個漁夫。#
1 11 3 0 2 4 6 #•終於醒來？#
#我在海邊打魚時，看見你昏迷在海邊，也不知發生了什麼事？#
0 0 4 0 1 5 #•打魚？#
#艾德麥爾島近海的魚源很豐富呢！#
0 0 5 0 0 #•艾德麥爾島？#
#其實應該說是一個群島，可是這普洛斯斐洛原本隱居的幽境，已被不知名的力量佔據，變得險象環生。#
0 11 6 0 1 7 #•海邊？#
#你昏迷的附近倒是沒有看見其他伙伴，但是發現一本書，是你的嗎？#
0 11 7 0 1 8 #•書？#
#好像是一本魔法書，我知道其中的一種魔法，可以和任何人溝通，這是普洛斯斐洛所擁有的。#
0 11 8 2 2 9 10 #•溝通？#
#這種魔法好像叫做語譯密咒吧！魔法書打開後，魔法就會釋放出來，我們漁夫是沒有能力去了解這些東西的，如果你需要就給你好了？#
0 11 9 11 0 #•好。#
#希望你藉著這股神聖的力量去拯救這個群島。對了！你初到這兒還不熟，沿岸邊往南走可到卡巴拉村，試試你的運氣吧！#
0 12 10 0 0 #•不好。#
#如果你真的不要，也不勉強，需要時再來找我好了。#
1 0 11 1 0 #•再見。#
#後會有期。#
