


#歡迎光臨卡巴拉村,需要幫忙嗎？#
#你好，我是麥德羅，需要幫忙嗎？#
84 0 1 13 2 2 3 #•職業？#
#我是卡巴拉村的村長。#
0 50 2 0 1 4 #•卡巴拉村？#
#卡巴拉村是以普洛斯斐洛神祕思想體系為根基而建立的村子。#
0 15 3 0 0 #•守衛阻擋？#
#為了維護村民的安全，守衛阻止語言無法溝通的人進入村子。#
0 15 4 0 1 5 #•思想體系？#
#這種思想體系大部分是以文字及數字遊戲所構成的複雜技術，是當初普洛斯斐洛教導的。#
0 15 5 0 1 6 #•他是我父親。#
#原來是普洛斯斐洛的後代啊！最近我們幾乎不敢出村，因為實在太危險了。#
0 15 6 0 1 7 #•為什麼？#
#村外到處是怪物，充滿了未知與危險。如果真的要出去，最好能做萬全的準備。#
0 12 7 14 0 #•準備？#
#在身上裝備堅硬的盔甲，買些必須的物品。你可能沒有足夠的錢吧？這2000元你先帶著。千萬不要客氣，你父親對我們的恩惠，可不是這一點錢所能代表的！#
1 0 8 0 0 #•姓名？#
#麥德羅。#
1 0 9 1 0 #•再見。#
#祝你一路順風！#
