


#你好，我是卡彭，最近的旅店就這麼一家，需要什麼嗎？還是要聊聊？#
#你好，需要我為您服務嗎？#
1 0 1 0 0 #•姓名？#
#我叫做卡彭。#
1 0 2 0 0 #•職業？#
#我是這家店的老闆。#
1 0 3 2 2 4 5 #•住宿。#
#我們的店住宿算是便宜的，服務又好，一晚只需20元，決定要住下來嗎？#
0 0 4 15 0 #•是。#
#祝你有個好夢。#
0 0 5 0 0 #•不是。#
#沒關係。#
1 0 6 3 0 #•購物？#
#你想買那一樣？#
1 13 7 0 1 8 #•聊天。#
#你看那醉漢，已經喝了二天二夜，還不付錢。#
0 13 8 2 2 9 10 #•醉漢？#
#對呀！就是長得一身肌肉的那個傢伙，成天喝得醉醺醺的，不然就是躺在地上睡得不醒人事，我看他是付不出錢了，或許你會願意幫他付帳吧？#
0 13 9 16 0 #•願意付。#
#我一看就知道你是個善心人，真不錯！他總共欠了60元。#
0 13 10 43 0 #•不願意付。#
#唉！我原以為你是個善心人，看來我看錯了！#
2 13 11 2 2 9 10 #•聊天。#
#怎麼樣，決定幫那個醉鬼付這筆帳了嗎？#
1 0 12 1 0 #•再見。#
#歡迎再度光臨本店。#
