


#嘿！你是來打獵的嗎？#
#最近順利嗎？#
1 0 1 0 0 #•姓名？#
#荻漢康。#
1 0 2 0 0 #•職業？#
#靠打獵維生。#
1 20 3 0 1 4 #•打獵？#
#我以為你是來打獵的，你往右看去，是不是一片濃密的森林？那兒有不少獵物棲息，我們都稱那邊為黑森林。#
0 20 4 0 2 5 10 #•黑森林？#
#嗯！但自從那強盜以黑森林為居所後，我們都儘量不接近那兒，加利利現在也去不得了。#
0 20 5 0 2 11 6 #•強盜！#
#他自稱為黑森林魔王，雖然不會傷人，但卻仗著一身碩壯的體格掠奪了不少金銀珠寶，不知道剛剛那個偷書的人影是不是就是他？#
0 20 6 0 1 7 #•書？#
#是我祖先留下來的，才剛被偷走，我兒子看到一個人影飛快地離開，馬上就追上去了。#
0 20 7 0 1 8 #•兒子。#
#我兒子叫戴微斯，個子高高的，一身獵裝打扮，他一個人去追偷書賊令我很擔心，因為最近還出現了一個可怕的卡拉邦。#
0 20 8 0 1 9 #•卡拉邦。#
#一個行事怪異的妖精，曾在鯨洞棲息，我對他了解不多，但是單見他眉下邪惡的眼神，就令人不寒而慄。#
0 20 9 0 0 #•鯨洞。#
#是黑森林南方深不見底的一個地洞。#
0 0 10 0 0 #•加利利？#
#黑森林東半部的一個可愛小鎮。現在，就算獵得再多的獵物，也只能賣到卡巴拉而已了。#
0 0 11 0 0 #•黑森林魔王？#
#我曾經潛入過他的巢穴，只是才一進去，他就從秘門出來了，只好趕快逃走。#
1 0 12 1 0 #•再見。#
#一路順風。#
