


#謝謝你來救我，否則我可能要老死在這裡了。#
#年紀大了，記性不太好。#
1 0 1 28 0 #•姓名？#
#我是米洛斯福曼，是加利利村的長老。#
1 0 2 28 0 #•職業？#
#村裏的人有時直接叫我村長。#
1 2 3 0 1 4 #•囚禁？#
#是啊！我被囚禁在這地牢可久了！#
0 28 4 28 1 5 #•被誰囚禁？#
#還不是那些調皮搗蛋的樹妖們。#
0 28 5 0 2 6 7 #•為甚麼？#
#為了感謝你救我脫困，我就告訴你吧！因為我有一本鏡書，那本鏡書是樹妖的剋星，裡面有令他們現身的方法，也就因此我才會被關在這裡。#
0 28 6 0 0 #•現身？#
#你有所不知，樹妖在表面上看起來和一般的樹木差不多，一般人也分辨不出來，除非使用鏡書裡火眼金睛的法術才能使他現出原形。#
0 28 7 0 1 8 #•鏡書？#
#樹妖逼我交出那本書，但我死也不給它，而且我還把那本書藏在極隱密的地方。若你願意幫我對付那樹妖，我可以把鏡書送給你。#
0 28 8 1 0 #•對付樹妖！？#
#若你願意的話可以來我家找我，我要先走一步，再見了。#
2 110 9 2 2 10 11 #•鏡書？#
#你真的願意幫我對付那個小樹妖？#
0 0 10 89 0 #•願意。#
#那真是太感謝你了，鏡書你就拿去吧。*另外有一本烏托邦之書也送給你，就算是你救我的報酬吧。#
0 0 11 0 0 #•不願意。#
#請再考慮看看吧！#
1 0 12 1 0 #•再見。#
#好好保重！#
