


#我現在暫住這間旅店。#
#我現在暫住這間旅店。#
1 0 1 0 0 #•姓名？#
#若你要問我的真名，我只能告訴你現在的名字，艾薩克。#
1 24 2 0 0 #•暫住旅店？#
#因為我的家鄉發生戰亂，所以暫時住在這裏，想不到這個村子也不是很安定，除非確定是好人，不然我不會跟你說太多的。#
24 32 3 0 1 4 #•暫住旅店？#
#聽說你救出這個村的村長，真是這個村子的英雄。#
0 32 4 0 1 5 #•英雄？#
#是啊！既然你是個正直的人，那麼我告訴你，我來自耶諾克村，前些日子我們和鄰邊的矮人族發生衝突。#
0 32 5 0 2 6 7 #•衝突？#
#嗯！矮人族住在聖凱利山的矮人山洞內，在矮人王沒被殺害以前，兩村都是和平相待的。事情發生後，傳出是我村的人下的毒手，沒有人知道兇手是誰，為了避免被嫁禍，走的走、逃的逃。#
0 32 6 0 0 #•誰是真兇？#
#誰會承認自己是兇手，無憑無據誰敢斷言，反正我們村裡的人都被害慘了。#
0 32 7 95 0 #•矮人山洞？#
#到矮人山洞要穿過雪山，你唯一方法是搭船，上岸後一直往北走，就可看到一座聖凱利山，有很多矮人族守衛的地方，應該就是矮人山洞的入口了。#
32 0 8 0 0 #•真相大白了。#
#能查出事實的真相，實在太感激你了！像我們這麼善良的人，怎會去殺那矮人王，過一陣子我就回家鄉去，真是太謝謝你了。#
1 0 9 1 0 #•再見。#
#後會有期！#
