


#想從我這兒打聽些新的消息嗎？#
#最近似乎沒什麼新消息。#
1 0 1 0 0 #•姓名？#
#我是丹尼，人稱我包打聽。#
1 32 2 0 1 3 #•打聽？#
#想知道普洛斯斐洛是怎麼失去王位的嗎？#
0 53 3 0 1 4 #•失去王位？#
#他疏忽了王國的事務，完全過著隱士的生活，為休養心靈而研究一門學問，沒想到卻激起了安東尼奧的野心。#
0 53 4 0 3 5 6 8 #•野心？#
#安東尼奧於是妄自尊大起來，不但搜刮了他的權力所能徵收的一切，更拉攏了掌握王國大軍的凱特；陰謀，就這麼一步一步地實現了。#
0 53 5 0 0 #•大軍？#
#難道你不知道安東尼奧早已派了大軍，要在這裏建立完全屬於他們自己的勢力嗎？！#
0 53 6 0 1 7 #•凱特？#
#大軍就是由凱特率領的，他並掌握了島上的一些精靈及邪惡的巫師作為助手。#
0 53 7 0 1 9 #•精靈？#
#不但是精靈，原本受普洛斯斐洛之恩的卡拉邦也成了他的爪牙，為所欲為。#
0 32 8 0 0 #•陰謀？#
#等到安東尼奧徹底實現他的陰謀後，這個島就沒救了。#
0 79 9 0 0 #•卡拉邦！#
#一個住在特洛克島，特立獨行的妖精。#
79 53 10 0 1 11 #•你知道卡拉邦吧！#
#一個住在特洛克島，特立獨行的妖精啊，怎麼了？#
0 53 11 0 1 12 #•我們正要去特洛克島！#
#卡拉邦的巢穴？！不可能的，沒有人願意接近那兒。#
0 53 12 0 1 13 #•一點辦法都沒有嗎？#
#聽說聖日爾東邊的瀑布便是特洛克島的入口，可是…你怎麼去聖日爾呢？#
0 53 13 0 1 14 #•甚麼意思？#
#在以前的一場地震裡，聖日爾所在的陸塊整個地下陷並且偏移，形成了一片陡峭的懸崖和漁船無法航行的淺海，所以如果你要去聖日爾，除非你會…#
0 53 14 0 1 15 #•會甚麼？#
#哈哈哈…會飛！像鳥一樣從懸崖上飛下去。但是你還得先打敗那頭龍呢！#
0 53 15 0 0 #•龍？#
#就盤踞在聖日爾門那兒，勸你還是離那邊遠一點的好！#
1 0 16 1 0 #•再見。#
#有空再來！#
