


#英雄，謝謝你的救命之恩！#
#救命英雄，有什麼事呢？#
1 0 1 0 1 5 #•姓名？#
#我是住在矮人山洞的喬路易。#
1 0 2 0 0 #•職業？#
#我平常靠些買賣過日子。#
30 0 3 0 0 #•救命之恩？#
#遇上那頭兇惡的白熊，差點丟了性命，要不是你來解危，我的老命早就沒了。#
0 32 4 0 1 7 #•貝爾利？#
#他是我在耶諾克村的好朋友，但他近來很怪，常常心神不寧，最近還住到威爾斯的旅館去了，或許你可以去拜訪他。#
0 32 5 0 1 8 #•矮人山洞？#
#我們矮人族一直住在矮人山洞，在我們矮人王被殺前，我們總是過著與世無爭的平靜生活。#
105 0 6 0 0 #•感激不盡？#
#我們兩村的人都得感激你這位大恩人，特別是我們村裏的矮人后更是要謝謝你，替我們的矮人王找到真正的兇手。#
0 32 7 0 0 #•拜訪他？#
#威爾斯是個不錯的人，貝爾利住那裏一定有特別的理由。#
0 32 8 0 1 4 #•矮人王被殺？#
#這是個悲劇，但是我怎麼也無法相信這會是耶諾克村人下的毒手，只是這話出自貝爾利之口，令人不得不信啊！…#
1 0 9 1 0 #•再見。#
#再見。#
