


#最近生意不太好，沒什麼客人，需要服務嗎？#
#要住宿嗎？還是要詢問些什麼？#
1 0 1 0 0 #•姓名？#
#威爾斯。#
1 0 2 0 1 3 #•職業？#
#旅店主人。#
1 0 3 0 2 4 5 #•旅店？#
#當然啦！戰亂中客人是少了些，不過服務品質還是不錯的。#
0 32 4 0 0 #•戰亂？#
#矮人族以為我們村人殺了他們的矮人王，已經跟我村宣戰了。#
0 0 5 0 1 6 #•客人？#
#住宿的客人是少，但有幾個特殊的客人。#
0 32 6 0 1 7 #•特殊的客人？#
#一般住宿大都是外地人，可是前幾天貝爾利匆忙跑來說要住宿，說什麼避風頭之類的，我也聽不大懂。#
0 32 7 0 0 #•貝爾利？#
#他是我們村裏的人，最近舉止很怪，他就住在右邊的那間房間，我還沒來得及打掃呢！假如你要參觀我也不反對。#
1 0 8 2 2 9 10 #•住宿？#
#若你不想在這兒住宿，附近可很難找得到旅店，我們價格還算合理150元而已，好嗎？#
0 0 9 15 0 #•好。#
#謝謝光臨。祝你愉快！#
0 0 10 1 0 #•不好。#
#那下次歡迎再度光臨本店。#
2 31 11 0 0 #•詢問？#
#看到那把鑰匙了吧，應該是貝爾利不小心留下的。#
105 0 12 0 0 #•詢問？#
#很高興你替我們洗清冤情，上天會保佑你的。#
1 0 13 1 0 #•再見。#
#歡迎再來！#
