


#身為一族之后，一定要為矮人王復仇！#
#現在我的君王已死，一切都沒什麼希望了。#
1 0 1 0 0 #•姓名？#
#他都叫我提娜，我的王呀，他現在已不能再呼吸這世界的甜美了。#
1 0 2 0 0 #•職業？#
#我負責統籌矮人族的政治。#
1 105 3 0 1 7 #•復仇？#
#那是當然的，我另一半莫名其妙地被謀殺，我們一定要攻打耶諾克人，為矮人王報仇。#
30 105 4 0 0 #•矮人王？#
#他待人一向仁厚，從未對百姓嚴苛，賞罰分明，沒想到耶諾克人那麼狠心，如果徵兵突擊才可以逼出兇手，那也只有如此了。#
32 105 5 0 0 #•請妳看看這本日記！#
#日記或許是捏造的，除非貝爾利自己來到這兒，否則我是不會相信任何人的！#
105 33 6 35 1 8 #•真相大白了吧？#
#貝爾利剛來過，所以我已知道真相了，卡拉邦真是狠毒，不但殺害矮人王，還要挑撥各族的和平，引起可怕的戰爭，多虧你熱心幫忙，才能化解這場戰爭。矮人王生前有個寶物∼神秘礦石，聽說可以使東西變輕，就送給你，算是矮人族對你的一番心意。#
0 105 7 0 0 #•報仇？#
#耶諾克村人的雙手沾滿了先王的血，他們既然沒辦法給矮人族一個交代，那也只有血債血償了。#
0 0 8 0 0 #•神秘礦石。#
#在打造武器時，混上越多礦石，可使沉重的武器變得越輕。#
1 0 9 1 0 #•再見。#
#希望你一路順風。#
