


#唉．．．為甚麼每天都有這麼多麻煩？#
#別天天逼問我甚麼真相！#
1 0 1 0 0 #•姓名？#
#貝爾利。#
1 0 2 0 1 5 #•職業？#
#為了掙錢，我時常出外經商。#
1 105 3 0 1 4 #•麻煩？#
#難道你不知道當目擊證人的痛苦，每日都要遭人盤問，實在不得安寧。#
0 105 4 0 1 8 #•目擊證人？#
#當我看見…那個人…哦！是本村的人，只是我不想透露姓名…他殺了矮人王，那種場面真的慘不忍睹。#
0 105 5 0 1 6 #•掙錢？#
#現在賺錢不容易了，不靠點額外收入怎能過活？#
0 105 6 0 0 #•額外收入？#
#…卡…不是…算了！這是我個人隱私為何要告訴你？#
2 105 7 0 1 9 #•真相？#
#真相是…恕我不能告訴你真相，人在江湖，身不由己，到此為止，別再追究了好嗎？#
0 105 8 0 0 #•殺了矮人王？#
#對…可能是…不…反正是某個耶諾克人殺的，錯不了…#
0 105 9 0 0 #•追究？#
#別白費精神了！#
115 105 10 87 1 11 #•你的日記？#
#日…日記，你怎麼找到的？這…，唉…好吧！既然如此，我就告訴你事情的真相…#
0 0 11 0 1 12 #•真相？#
#事情是這樣的…那日我經商途中在樹林裏聽見打鬥的聲音，我躲在草叢裏，看見一個猴樣的怪物正在恐嚇矮人王，希望他聚集矮人兵去攻打普洛斯斐洛的兒子，而矮人王不肯恩將仇報，就死在亂箭之下了。*我驚嚇之餘正準備逃跑，沒想到被卡拉邦的爪牙逮個正著。#
0 0 12 0 1 13 #•為何他沒殺你？#
#因為他要我造謠是耶諾克人殺了矮人王，我本來是不會答應的，但他威脅要殺我妻兒，不得已，我只好答應了。事實上這些日子以來，我心裡也是痛苦萬分，一直想將實情說出的，只是……。#
0 0 13 0 0 #•只是甚麼？#
#算了…這一切都不再要緊了，我會向矮人皇后說明真相的，而我在此也無顏見人了，解釋完後我會帶著妻兒離開此地。#
1 0 14 1 0 #•再見。#
#再見。#
