


#為什麼我們會遇到這種事？#
#希望這世界沒有我想像中的那樣壞。#
1 0 1 0 1 6 #•姓名？#
#我是水之村的羅莉亞。#
1 41 2 0 1 3 #•救命？#
#我弟弟…嗚…他就快要被那可怕的女巫吸光他的血了。#
0 41 3 2 0 #•女巫？#
#就是娃德爾女巫，她要用童男的血來壯大自己的法力，求你救救我可憐的弟弟吧！#
41 42 4 0 1 5 #•這世界不會太壞的。#
#我們姊弟感謝你的救命之恩，沒有你，我們真不知會有什麼下場。#
0 107 5 88 0 #•你們怎麼會來這兒呢？#
#我們是為了母親的病到這附近的沿海尋找海蔘的，為了感謝你們的救命之恩，這在海裡尋獲的蚌珠就送給你們，算是我的一點小小心意。#
0 41 6 0 1 7 #•水之村。#
#水之村是很神秘的地方，沒人帶路是進不去的。#
0 0 7 0 0 #•帶路！#
#抱歉！我很想幫你，但實在沒空，我必須先救我弟弟！#
41 42 8 0 1 9 #•水之村。#
#你要到水之村的話，我可以帶路。#
107 42 9 41 0 #•帶路！#
#這沒問題，請隨我來吧！#
42 50 10 0 0 #•母親？#
#母親的病還是沒有好轉，上天怎能如此對待我們呢？#
45 0 11 0 0 #•鑰匙？#
#媽媽提及的那兩把鑰匙，我曾聽書店老闆提過，或許他能幫上你們的忙吧！#
1 0 12 1 0 #•再見。#
#再見。#
