


#讀萬卷書，行萬里路，雖然我遨遊在無際的書海，仍覺得空虛不已。#
#也許該親身經歷一些事來反證書中的世界。#
1 0 1 0 0 #•姓名？#
#靡杜林。#
1 0 2 0 1 3 #•職業？#
#經營這家書店是我一向引以為傲的。#
0 43 3 0 1 4 #•引以為傲？#
#我自己心目中的理想國是地獄，因為我們背負著太多的罪惡生存，所以本店的書只送不賣。#
0 43 4 2 2 5 6 #•理想國？#
#有位朋友介紹我一本理想國的藍圖叫烏托邦之書，我這輩子如果能找到這本巨書，死而無憾，並會把我最貴重的藏寶圖鑑與之交換，你有這本書嗎？要不要和我交換？#
0 43 5 45 0 #•願意。#
#天啊！我真沒想到你如此大方，那就讓我告訴你，藏寶圖鑑裏藏著寶物呢！好好利用它吧。#
0 43 6 0 0 #•不願意。#
#年輕人，這本書對你或許不重要，但我卻視之為珍寶呢。#
2 0 7 0 0 #•書中的世界？#
#在天地萬物演譯的方式裡，那更深奧的部份，實在得追溯到思想的流動和記憶的走向，各種可能皆會發生在我們生活周遭，令人來不及預測…#
2 0 8 0 0 #•親身經歷？#
#你經歷過性別歧視嗎？有個地方是男士止步的。#
1 0 9 1 0 #•再見。#
#如何才能讓理想化為烏有？#
