


#世上堪稱為完美的作品，恐怕寥寥無幾。#
#我希望能雕出一些絕世的精品來。#
1 0 1 0 0 #•姓名？#
#哈吉克。#
1 0 2 0 1 3 #•職業？#
#雕刻師。#
0 0 3 0 2 4 5 #•雕刻？#
#我最得意作品是粗獷的石像雕刻，但偶爾我也會雕出一些精緻的小品，諸如玉石雕、木雕，甚至連蚌珠我都可以雕的維妙維肖。#
0 44 4 0 0 #•得意作品？#
#當我駐足在〝維納斯的誕生〞之前，我不得不讚歎，哎∼自己的作品簡直是神來之筆。#
0 44 5 2 2 6 7 #•蚌珠？#
#這個蚌珠是可以雕成鑰匙，但是需要過人的耐性和高超的技術，蚌珠交給我，保證雕出你理想中的鑰匙，只收你2500元而已，好嗎？#
0 44 6 46 0 #•好的。#
#很快就會完成的，你等等，我馬上做好…嗯！快完成了……好了！這是一把很完美的鑰匙，拿去吧！#
0 44 7 0 0 #•不好。#
#我是聽說你救了村裡的小孩，才願意放下身段，為你刻這無意義的作品，下次可別怪我不幫忙。#
2 0 8 0 0 #•絕世精品？#
#最近似乎沒什麼創作靈感。#
1 0 9 1 0 #•再見。#
#有空再來參觀我的傑作。#
