


#小子，什麼風把你吹到我們這海底城來的？#
#一般人要有通天的本領才見得到我哩！#
1 0 1 0 0 #•姓名？#
#你似乎沒什麼資格問我的姓名。不過我生性寬宏大量，就饒了你這條小命吧，現在就仔細聽好啦！本王的大名叫做∼咳∼保羅依底羅斯基．克洛布西亞，呼！要一口氣念完，可還真累呢。#
1 0 2 0 0 #•職業？#
#看你的人還算聰明，可是怎麼盡問些蠢問題？難道我看起來不像個國王嗎？。#
1 0 3 0 1 4 #•海底城？#
#很奇特是吧！這可全靠維納斯之珠的神奇結界，才能讓人們這麼自由自在地生活在這兒。#
0 55 4 0 1 5 #•維納斯之珠？#
#傳說中，若有美麗的女子來到維納斯出生的夢幻巨蚌之前，巨蚌將會為她吟唱，並送給她那閃爍著深紫光彩的維納斯之珠做為禮物，只可惜這麼美麗的寶貝現在竟落在醜陋的卡拉邦手裡。#
0 55 5 0 2 6 7 #•卡拉邦也來過這兒？#
#他自特洛克島挖了條秘道通到我的王國裡來，憑藉著黑魔法的力量，奪走了維納斯之珠，若不是如此，我又何必強擄那女孩來與我兒子完婚呢。#
0 55 6 0 0 #•秘道？#
#你們大概也是從那兒下來的吧？那秘道滑不溜丟的，要從那兒回特洛克島，恐怕很難。#
0 52 7 0 1 8 #•女孩呢？#
#難道你要幫那老頭救那個小女孩？別傻了。結界自從維納斯之珠被奪後就越縮越小，整個王國現在全指望她自夢幻巨蚌那兒再取個維納斯之珠回來呢！否則海底王國就要永遠沉睡在這頃汪洋之中了！#
0 52 8 0 1 9 #•她會答應去嗎？#
#所以才逼著她與我兒子完婚啊！成了王妃，對於王國的興亡自然不能置身事外囉，當然，我也知道逼迫她是不對的，可是這也是不得已的！除非……#
0 52 9 2 2 10 11 #•除非什麼？#
#除非你能拿回維納斯之珠。若你拿得回來，那女孩和你們就可以一起回陸地上了，只是…你肯冒這個險嗎？#
0 52 10 49 0 #•願意。#
#真的。那就拿這把銀色鑰匙去開我寢宮附近那個房間，裡面有個通道是離開海底城的唯一出口，若是你真找到了那顆維納斯之珠，再由那個通道進入海底城。#
0 52 11 0 0 #•不願意。#
#算了，不過你想離開此地恐怕很難了。#
2 55 12 2 2 13 14 #•通天本領？#
#有本領來到海底城的人可不多哩！對了！你已經找回維納斯之珠了嗎？我就知道上天不會虧待我這種好人的，哈哈…#
0 55 13 48 0 #•找回來了。#
#沒想到你這麼快就找到維納斯之珠，真是太好了！哈哈哈哈！這把金鑰匙你拿去，女孩就關在王宮外的大宅裡，我現在遵守諾言，你們可以帶著她一起離開海底城了。哈哈哈哈！我的寶貝珠子終於回來囉！#
0 55 14 0 0 #•還沒找到呢！#
#唉！…看來我還是開始籌備婚禮吧……#
1 0 15 1 0 #•再見。#
#外面的世界要是有什麼新鮮事兒！記得再回來告訴我唷！#
