


#我父親失蹤很久了，不知道何時才能見到他。#
#阿茲路克西世界不知何時才能再重獲平靜。#
1 0 1 0 0 #•姓名？#
#瑪弟。#
1 0 2 0 1 3 #•父親？#
#我父親叫保羅，是個有名的建築師。#
0 0 3 0 2 5 4 #•保羅？#
#父親是個老實人，那天那個惡魔捉走村內所有的建築師，只有父親及時逃脫，不知道他現在好不好？#
0 59 4 0 1 7 #•逃脫？#
#那時人心惶惶，父親說寧死也不願去為惡魔建城，於是趁夜逃出了村外。#
0 60 5 0 0 #•建築師？#
#是啊，村子的跨海大橋就是出自父親之手。#
65 0 6 0 0 #•平靜？#
#自從那些叔叔伯伯從遠方歸來，村子總算也恢復了平靜。#
0 65 7 0 1 8 #•惡魔？#
#就是在巴特農大興土木的凱特。#
0 65 8 0 2 9 10 #•凱特？#
#王國政變後，凱特就佔據了諾斯替南方的雅爾島。他還釋放了巴特農地下監獄那些窮兇極惡的囚犯供其使喚，沒人知道這個殘暴的將軍，為甚麼來到艾德麥爾島。#
0 65 9 0 0 #•巴特農？#
#巴特農的地下監獄是出了名的，可是聽說凱特要在那兒建另一座王城，被抓走的村人大概都是在那兒吧！#
0 65 10 0 1 11 #•囚犯？#
#一些理應在牢裡待上一輩子的惡徒，幸好大半都隨著凱特到雅爾島上了。#
0 65 11 0 0 #•雅爾島？#
#自從凱特駐紮到那兒以來，就沒有船夫敢到那兒去了，難道你是要去…謀刺……#
1 0 12 1 0 #•再見。#
#祝你早日成功。#
