


#這一生庸庸碌碌，總是沒有什麼好日子過。#
#老實人總是會被那些精明的人欺負。#
1 0 1 0 0 #•姓名？#
#我叫貝莉，是保羅的妻子。#
1 0 2 0 1 3 #•職業？#
#我丈夫是建築師，所以偶爾當他的助理。#
0 59 3 0 1 4 #•建築師？#
#他的名氣在島上來說算是蠻大的，只可惜現在…失蹤許多天了…#
0 59 4 0 1 5 #•失蹤？#
#你也知道，依他的個性，絕對不可能去幫惡魔設計王城的，這是多麼違背他的良知啊！#
0 59 5 0 1 6 #•設計王城？#
#當他聽到這個消息，就有逃亡的念頭，那夜他逃走後就暫時躲在村外的山洞內。#
0 59 6 0 0 #•山洞？#
#就在村子的南邊，那洞窟是一個叫泰坦的洞穴巨人住的地方，沒人敢靠近那兒，保羅帶著施工圖躲到那兒去，真令人擔憂他的安危。#
59 60 7 0 1 8 #•施工圖！#
#你找到施工圖了！那…保羅呢？你有見到他人嗎？你快說啊！他人呢？#
0 0 8 0 1 9 #•我們沒見著他…#
#…保羅…。#
0 0 9 0 0 #•真是令人遺憾…#
#唉！我們未來的希望就在你一個人身上了，你趕快去找克莉斯蒂，相信她會有辦法重建大橋的。也希望你能拯救其它的建築師，讓他們能家家團圓。#
1 0 10 1 0 #•再見。#
#我們將會為您禱告。#
