


#全村唯一的希望都被毀了。#
#希望就在你們身上。#
1 0 1 0 0 #•姓名？#
#克莉絲蒂。#
1 59 2 0 1 3 #•希望？#
#對外的唯一交通，跨海大橋早就被將軍的爪牙給毀了，還把阿茲路克西的設計師捉走，說要蓋什麼大將軍的王城，違者殺無赦。#
0 59 3 0 1 9 #•跨海大橋？#
#當初是保羅設計的，如今他音訊全無，村內也沒人敢到那洞窟一探究竟，若是你們能找那張設計施工圖，我倒是能再找一些人來試試，希望能將橋修築成功。#
59 60 4 2 2 5 6 #•施工圖？#
#你找到了保羅的施工圖了？給我瞧瞧是不是跨海大橋的施工圖。#
0 60 5 62 0 #•好的。#
#沒錯，我試試看能否找到剩下來的工人，依這施工圖的指示修築看看。#
0 60 6 0 0 #•不好。#
#假如橋沒有辦法修好，全村的人就只能生活在這個小世界裏了。#
60 65 7 0 0 #•希望？#
#若是沒有你，我們不知到那一日才能出頭，你看看那跨海大橋，多麼宏偉啊！親人就困在那頭呢，希望你能救他們脫險。#
65 0 8 0 0 #•希望？#
#全村家家團圓，你的功勞可不小啊！#
0 0 9 0 0 #•洞窟？#
#就是村子南方的巨人洞窟。#
1 0 10 1 0 #•再見。#
#再見。#
