


#你好！我叫卡文妮，是喬治的獨生女。#
#父親最喜歡別人討好他了！#
1 0 1 0 0 #•姓名？#
#卡文妮。#
1 62 2 0 1 3 #•獨生女？#
#很多男子前來求婚，真讓人家不知所措。#
0 0 3 0 1 4 #•求……求婚？？？#
#誰要我是富家的千金小姐，又是獨生女，我知道很多人為了錢財而來，他們都不是真心喜歡我，他們只是一味想要討好父親而已。#
0 62 4 0 1 5 #•討好？#
#父親總喜歡炫耀他有一個很強的保鑣，如果有人上門挑戰，就是他最高興的事了。#
0 62 5 0 2 6 9 #•保鑣？#
#你是說血巫師嗎？聽媽媽講，他原本關在巴特農監獄呢！#
0 62 6 0 1 7 #•血巫師？#
#他自稱是一位將軍的手下。#
0 62 7 0 1 8 #•將軍？#
#我也不太清楚，只是血巫師來了之後，父親就老是說他快要成為阿諾巴普公爵了！#
0 62 8 0 0 #•阿諾巴普公爵？#
#父親說就是掌管這鄰近四個村落的公爵啊！#
0 62 9 0 1 10 #•巴特農？#
#在阿茲路克西大橋被炸斷後，曾有一批軍隊經諾斯替往東向巴特農而去，過沒幾天，葛莉斯和她兒子就從巴特農搬過來囉。#
0 62 10 0 0 #•搬過來？#
#是啊！在巴特農監獄的犯人們都被釋放後，他們連忙搬了出來，聽他們講，要離開時，那些粗魯的士兵還一個一個搜身，像是在找些甚麼呢！#
1 0 11 1 0 #•再見。#
#希望能勸勸父親，不要再用什麼保鑣了。#
