


#趕快去看熱鬧哦！喬治他們家又有好戲看了。#
#喔？你還活得好好的啊！真難得！#
1 0 1 0 0 #•姓名？#
#普西卡。#
1 0 2 0 1 3 #•職業？#
#我剛跟母親從巴特農搬來，暫且還找不到工作。#
0 62 3 0 1 4 #•巴特農？#
#那兒現在到處都是橫行的盜賊，村人們都搬得差不多了！#
0 62 4 0 1 5 #•橫行的盜賊？#
#就是那些監獄的囚犯啊！還有些邪惡的巫師。#
0 62 5 0 0 #•為甚麼會這樣？#
#聽說是一位王國將軍的命令，天曉得為甚麼會有這麼莫名其妙的命令。#
1 2 6 0 1 7 #•好戲？#
#你不知道嗎？許多自認為強悍的武士，都趕到喬治家和他的保鑣一較高低，據說獲勝的人可以搬盡他家的寶物呢！不過……#
0 62 7 0 1 8 #•不過甚麼？@#
#不過那個保鑣就是幾年前在巴特農橫行一時的血巫師，他後來被普洛斯斐洛關進了魔法監獄。可是現在他被那個將軍放了出來，竟跑到這兒來當喬治的保鑣，我懷疑喬治和那個將軍有掛鉤！#
0 62 8 0 0 #•掛鉤？#
#不然為甚麼貧瘠的巴特農被鬧的雞飛狗跳，而富庶的諾斯替卻仍然這麼平靜呢？#
2 62 9 0 0 #•有甚麼新消息嗎？#
#暫且沒有，有了會告訴你的！#
62 71 10 0 1 11 #•有甚麼新消息嗎？#
#有！我昨天吃了隻鴿子！#
0 71 11 0 1 12 #•鴿子？#
#喬治放出去的信鴿，味道不錯，不過消息卻不怎麼好。#
0 71 12 0 1 13 #•消息？！#
#你看。「凱先生：海魚吃掉了廚子，帶著禮物準備離開了！」這紙條是你打敗血巫師那夜發出的，還有呢！#
0 71 13 0 1 14 #•還有？#
#你看這兩張「凱先生：最近游進了幾條魚，它們竟是從對岸來的！」「凱先生：廚子正在查魚是不是來自海裡。」#
0 71 14 0 0 #•看來，你吃了不少鴿子。#
#看來，你們一進村子就被盯上了。好好保重吧！雖然我不知道你們是誰，不過我相信你們不會放過那些邪惡的傢伙的，對吧？好好加油吧！#
1 0 15 1 0 #•再見。#
#有空再來找我，相信這村子裡還有不少陰謀呢！#
