


#你曾經到過很多國家嗎？#
#那一個城市可以讓你流連忘返？#
1 0 1 0 0 #•姓名？#
#溫格特。#
1 0 2 0 1 3 #•職業？#
#我是個四處遊走的旅者。#
0 72 3 0 2 4 5 #•旅者？#
#嗯，前一陣子才剛從普洛利村回來，真是悲慘啊！#
0 72 4 0 0 #•普洛利村？#
#曾聽說普洛利有人知道一個神秘的通道，可是那裡所有的人彷若失去了靈魂，渙散的眼光根本不能告訴我任何的秘密。難怪有人稱那兒為睡眠之村。#
0 72 5 0 2 6 7 #•悲慘？#
#小聲一點！可不要被凱特的爪牙給聽到了，聽說普洛利會這樣全是凱特的傑作！#
0 72 6 0 0 #•凱特？#
#幾個月前他親率大軍夜襲普洛利，不知道是甚麼大事？竟會讓他親自出馬，之後沒幾天，就有人發現普洛利變成現在這樣了。#
0 65 7 0 2 8 9 #•爪牙？#
#諾斯替的血巫師和巴特農牢獄總監∼蛇髮女妖都是凱特的得力助手。聽說巴特農西南的雅爾島更有個凱特引為心腹的巫師呢！#
0 65 8 0 0 #•雅爾島？#
#聽說凱特就駐紮在那兒，我想沒人會去自找死路吧？#
0 66 9 0 0 #•牢獄總監？#
#唉！重犯成了總監，我們又能說些甚麼呢？#
1 0 10 1 0 #•再見。#
#多保重。#
