


#我等這一天已經很久了，佩特王子。#
#我隱居在這裏已經很久了。#
2 0 1 0 0 #•姓名？#
#史奈德。#
2 0 2 0 1 3 #•職業？#
#在凱特來到普洛利村之前我是村裡的魔法師。#
0 71 3 0 1 4 #•凱特！？#
#他是來找那枚徽章的……#
0 71 4 0 1 5 #•徽章？#
#傳說擁有法力、信譽、道德這三枚徽章的人將會成為魔法之王！一個真正的魔法師！所有那些美妙而神秘的魔法將深繫於他的靈魂之中，他將再也不需要那些笨重的魔法書！因為那充塞在虛空之中的豐沛力量，隨時等候著他的召喚。而就是為了得到這股力量，凱特炸斷了阿茲路克西大橋……#
0 71 5 0 1 6 #•炸橋？#
#嗯，凱特擔心失落的信譽徽章被帶出島上！所以他炸斷了橋！#
0 71 6 0 1 7 #•失落的信譽徽章？#
#那時，他已經找到法力徽章，並交給了諾斯替的血巫師保管，接著，他查出道德徽章就在普洛利，同時也知道了信譽徽章遺失在巴特農，所以凱特在揮兵普洛利時，也在阿茲路克西捉走了許多建築師，佯稱要在巴特農興建王城，其實，這只是為了方便他的爪牙在巴特農尋找這最後一枚徽章所故佈的疑雲罷了！#
0 71 7 0 1 8 #•揮兵普洛利？#
#我永遠都不會忘記那個夜晚的，凱特帶著大軍來到普洛利，要我們交出徽章，在火光中，村民在各處迎戰，但誰阻止得了凱特呢？在我們最後據守的地窖裡，凱特陰笑著，自黑暗中出現……#
0 71 8 0 1 9 #•然後呢？#
#他施展了奪心術奪走了村民的靈魂，普洛利一時之間成了深墜惡夢之中的睡眠之村，唯獨我得以倖免，但這卻是災難的開始呀！…#
0 71 9 0 1 10 #•災難的開始？#
#他剝奪了我所有的力量，逼問我徽章的下落，哈哈！真理是不可能屈服在殘暴之下的！大軍接著搜遍了整個村落，連地窖裡也滿佈他的爪牙，凱特最後命令士兵將我放逐到這個地方，就在士兵勒馬要將我拖走時，凱特給了我一樣東西…#
0 71 10 0 1 11 #•一樣東西？#
#生命之心，藏納著全村村民靈魂的生命之心，那時他獰笑著，嘲弄我即使有了生命之心，也一樣無法挽救村民的性命。#
0 71 11 0 1 12 #•無法挽救？#
#只有魔法之王才能逆轉這無解的法術！所以，王子陛下，希望你能先凱特一步得到那三枚徽章。當你找齊三枚徽章之時，請你回到這兒，讓普洛利的村民們甦醒，他們一定能給你很大的幫助的！#
0 71 12 0 1 13 #•道德徽章的下落？#
#就藏在普洛利地窖第一層的秘門裡面，你可以在鐵匠家裡找到地窖入口的。#
0 71 13 0 0 #•秘門？#
#嗯！你得從第二層找不同的階梯回第一層，在一堵磚牆秘門之後便找得到徽章了！#
83 71 14 68 1 15 #•徽章找齊了！#
#請你把三枚徽章給我看吧！…天啊！預言…預言真的實現了……「魔法之王將乘著虹彩在睡眠之地重生……」，哈哈！不管這麼多了！這是當初收藏靈魂所使用的生命之心，交給你這位真正的魔法師。請你將這四件物品放在祭壇之上，村民會因此而甦醒的。#
71 72 15 0 0 #•祭壇？#
#祭壇就在這兒的南方，將法力徽章放在北方的空格，信譽徽章放在東方的空格，道德徽章放在西方的空格，生命之心放在祭壇南方的空格上，你的力量將會改變這一切的。#
72 0 16 0 0 #•睡眠之村！#
#沒想到你真的做到了，現在這個睡眠之村恐怕會成為歷史名詞了。#
1 2 17 0 2 18 19 #•你怎麼知道我的身份？#
#你手背上的皇室印記早已說明了一切！#
0 0 18 0 0 #•姓名？#
#史奈德。#
0 0 19 0 1 3 #•職業？#
#在凱特來到普洛利村之前我是村裡的魔法師。#
1 0 20 1 0 #•再見。#
#後會有期。#
