


#沒想到我的魔法杖沒能好好保護村民。#
#沒想到我的魔法杖沒能好好保護村民。#
72 0 1 0 0 #•姓名？#
#伊托夏洛克。#
72 0 2 0 1 3 #•職業？#
#我是個法師，史奈德就是我父親。#
0 0 3 0 1 4 #•父親？#
#父親已經告訴我你就是王子陛下，也是這一世的魔法之王，要阻止凱特全都得靠你了！#
0 73 4 0 1 5 #•凱特？#
#在他宣佈重建巴特農神殿之時，父親就已隱隱覺得有些不對，後來我們得知凱特已經尋獲法力徽章時，我們幾乎就已經知道凱特真正是要些甚麼了。雖然村裡早有準備,但終究還是不敵凱特的邪惡魔法，不過這一切都因你這位真正魔法師的出現，才讓普洛利獲得了解救。#
0 0 5 0 1 6 #•解救。#
#希望你能解救更多受到迫害的人。喔！對了，有個人或許可以幫你。#
0 0 6 0 1 7 #•誰？#
#亞蘭娜，她知道到雅爾島的秘道，那裡是凱特駐紮之處。#
0 0 7 0 1 8 #•雅爾島？#
#我和父親懷疑那是凱特找到法力徽章的地方。就在凱特駐紮雅爾島後，亞蘭娜突然自雅爾村抄回了一段咒文！#
0 0 8 0 1 9 #•咒文？#
#父親看到那段咒文時，面色凝重地告誡亞蘭娜，不要再到雅爾島上去了！#
0 0 9 0 0 #•為甚麼？#
#「雅爾島已經被詛咒了！」父親就只簡單地講了這麼一句話。#
72 0 10 3 0 #•魔法杖？#
#雖然我的法術不是怎麼高強，但對於製作魔法杖我是駕輕就熟的喔！想買些試試嗎？#
1 0 11 1 0 #•再見。#
#再見。#
