


#搭船還是要問路？#
#又見面了！#
1 0 1 0 0 #•姓名？#
#我是傑米。#
1 0 2 2 5 3 4 5 6 12 #•搭船。#
#你要到那兒？#
93 0 3 2 2 7 11 #•卡巴拉村。#
#船費300元，要搭嗎？#
94 0 4 2 2 8 11 #•加利利村。#
#船費300元，要搭嗎？#
96 0 5 2 2 9 11 #•特洛克島。#
#船費300元，要搭嗎？#
97 0 6 2 2 10 11 #•阿茲路克西世界。#
#船費300元，要搭嗎？#
0 0 7 22 0 #•是的。#
#祝你愉快。#
0 0 8 32 0 #•好的。#
#祝你愉快。#
0 0 9 78 0 #•好的。#
#祝你愉快。#
0 0 10 79 0 #•好的。#
#祝你愉快。#
0 0 11 0 0 #•不要。#
#我收的船費很合理的！#
0 0 12 0 0 #•離開。#
#有需要再來！#
1 0 13 0 0 #•問路。#
#從碼頭往西走是雪山，往北穿過這些小山丘，一直往北走是矮人族居住的聖凱利山，離這兒是有一段路。#
1 0 14 1 0 #•再見！#
#有需要再來找我。#
